cor estimation error analysis (f=507.87)
gazebo cor         calculation cor     
2 2                -35996   2253  32704    
2 1.8              -31939   2897 
2 1.6              -28912   2897  32704
2 1.4              -24856   2897  32704
2 1.2              -21572   2253  32704
2 1                -17965   2253  32704 
2 0.8              -7151    1127  16361
2 0.6              -5307    1119  16240
2 0.4              -3564    1113  16161
2 0.2              -1745    1110  16112
2 0                               32704
2 -0.2              3799          32704



distance factor:
float
5 0    32704
4.5 0  
4 0    
3.5 0  
3 0    15130
2.5 0  16540 
2      
1.4    1.132
1.3    1.032
1.2    0.932
1.1    0.832
1      0.732 
0.9    0.632
0.8    0.532
0.7    0.432



